variant_id,stop_id
561170,638
561170,3124
561171,3123
561171,636
561172,638
561172,3124
561172,3431
561173,695
561173,3123
561173,636
561174,638
561174,3124
561175,695
561175,3123
561175,636
561176,48
561176,695
561176,3123
561176,636
561177,638
561177,3124
561178,3123
561178,636
577393,149
577394,148
577395,72
577396,73
577397,2716
577398,2715
577399,2251
577399,992
577400,1015
577401,149
577402,148
577402,2716
577403,73
577403,3467
577404,2838
577404,3476
577404,74
577405,2251
577405,895
577406,992
577406,1015
577407,149
577407,912
577408,148
577409,148
577410,148
577410,2716
577411,153
577411,148
577412,153
577412,148
577413,153
577413,148
577413,2716
577414,73
577415,73
577416,73
577416,2716
577419,2716
577420,1015
577421,2251
577425,1015
577425,2716
577426,148
577427,148
577428,148
577428,2716
577429,148
577430,2838
577430,3476
577430,74
577430,798
577431,2838
577431,3476
577431,74
577432,2838
577432,3476
577432,74
577432,2716
577434,74
577435,74
577436,74
577436,2716
577437,74
577438,73
577439,799
577439,73
577440,1015
577442,1015
577442,2716
577443,2716
577443,2477
577444,2040
577446,2040
577446,2716
611151,1249
611151,27
611152,26
611152,3133
611845,1249
611845,27
611846,26
611846,3133
613952,1501
613952,1580
613952,1397
613953,1398
613953,1581
613953,1502
613954,1501
613954,1580
613954,1397
613955,1398
613955,2820
613955,1581
613955,1502
613956,1680
613956,2034
613956,1417
613956,3521
613956,1397
613957,1398
613957,3522
613957,1418
613957,2031
613957,1868
613958,1680
613958,1614
613958,2817
613958,1497
613959,1497
613959,2818
613959,1459
613959,1868
613960,1582
613960,1614
613960,2817
613960,1531
613961,1542
613961,1579
613961,1583
613962,1528
613962,1748
613962,1655
613962,1547
613962,3524
613962,2820
613962,1541
613962,1579
613962,1585
613963,1584
613963,1578
613963,1544
613963,3523
613963,1548
613963,1747
613964,1582
613964,1614
613964,1543
613964,1397
613965,1398
613965,1541
613965,1615
613965,1583
613966,1582
613966,1578
613966,1544
613967,1532
613967,2818
613967,1583
613968,1548
613968,1420
613968,1581
613968,1502
613968,1572
613969,1573
613969,1501
613969,1580
613969,1419
613969,1547
613970,1542
613970,1419
613970,1654
613970,1749
613971,1748
613971,1655
613971,1420
613971,1543
613972,1746
613972,1420
613972,3521
613972,2820
613972,1497
613973,1497
613973,2818
613973,3523
613973,1419
613973,1471
613973,1749
613974,1751
613974,1868
613975,1680
613975,1750
613976,1746
613976,1420
613976,1581
613976,1502
613976,1572
613977,1573
613977,1501
613977,1580
613977,1616
613977,1419
613977,1471
613977,1749
613978,1497
613978,2818
613978,2031
613978,1495
613979,1897
613979,2032
613979,1651
613979,2817
613979,1497
613980,1897
613980,2034
613980,1417
613980,1581
613981,1580
613981,1418
613981,2031
613981,1897
613982,1629
613982,2034
613982,1417
613982,1496
613982,1604
613983,1603
613983,1497
613983,1441
613983,1418
613983,2033
613983,1628
613984,1407
613984,2818
613984,1617
613984,1581
613984,1502
613984,1572
613985,1573
613985,1501
613985,1580
613985,2817
613985,1531
613986,1542
613986,3523
613986,1419
613986,1547
613987,1548
613987,1420
613987,3521
613987,1541
613988,1542
613988,2819
613988,3523
613988,1418
613988,2031
613988,1897
613989,1897
613989,2034
613989,1417
613989,3521
613989,2820
613989,1541
613990,1398
613990,3522
613990,1418
613990,2033
613990,1570
613990,1628
613991,1629
613991,2034
613991,1417
613991,3521
613991,1397
613992,1746
613992,1655
613992,1420
613992,1581
613992,1573
613993,1573
613993,1501
613993,1580
613993,1419
613993,1654
613993,1747
613994,1581
613994,1502
613995,1501
613995,1580
613995,1544
613997,1398
613998,1397
614000,1398
614001,1501
614001,1580
614002,1397
614003,1581
614003,1502
614004,1680
614004,2034
614004,1417
614004,3521
614004,1397
614005,1398
614005,3522
614005,1418
614005,2031
614005,1868
614011,1868
614012,1585
614012,1868
614015,2034
614015,1417
614015,3521
614015,1397
614017,1680
614019,1398
614019,3522
614019,1418
614019,2031
614021,1680
614021,1614
614021,2817
614021,1497
614024,1603
614024,1497
614024,2818
614024,1459
614024,1868
614026,1680
614027,1869
614035,1582
614035,1614
614035,2817
614035,1531
614035,1408
614039,1409
614039,1542
614039,1579
614039,1583
614040,1542
614040,1579
614041,1531
614043,1587
614048,1586
614049,1582
614049,1614
614049,2817
614050,1586
614051,1582
614051,2817
614056,1528
614056,1748
614056,1655
614056,1547
614056,3524
614056,2820
614056,1541
614056,1579
614056,1585
614060,1528
614060,1748
614060,1655
614060,1547
614060,3524
614060,2820
614060,1541
614060,1579
614060,1585
614066,1584
614066,1578
614066,1544
614066,3523
614066,1548
614066,1747
614070,3523
614070,1548
614070,1747
614075,1398
614075,1541
614075,1615
614075,1583
614084,1582
614086,1587
614088,1531
614089,1531
614091,1532
614091,2818
614091,1583
614092,1532
614092,2818
614092,1583
614093,1586
614094,1586
614099,1548
614099,1420
614099,1502
614099,1572
614101,1581
614101,1502
614101,1572
614102,1573
614102,1501
614102,1580
614102,1419
614102,1547
614103,1573
614103,1501
614103,1580
614105,1573
614105,1501
614105,1580
614108,1502
614108,1572
614109,1548
614109,1420
614109,1581
614109,1502
614109,1572
614112,1548
614112,1420
614112,1502
614112,1572
614114,1581
614114,1502
614114,1572
614115,1419
614115,1547
614119,1548
614119,1420
614120,1542
614125,1541
614132,1751
614133,1748
614133,1655
614133,1420
614133,1543
614133,1410
614141,1584
614141,1420
614141,3521
614141,2820
614141,1497
614142,1603
614142,1497
614142,2818
614142,3523
614142,1419
614142,1471
614142,1749
614143,3522
614143,1419
614143,1471
614143,1749
614144,1584
614144,1472
614144,1749
614147,1746
614153,1751
614154,1868
614155,1680
614155,1750
614157,1750
614158,1680
614159,1746
614159,1420
614159,1581
614159,1502
614159,1572
614162,1581
614162,1502
614162,1572
614164,1472
614164,1749
614165,1581
614165,1502
614165,1572
614166,1573
614166,1501
614166,1580
614167,1746
614169,1573
614169,1501
614169,1580
614170,1581
614170,1502
614170,1572
614171,1897
614172,1897
614172,1651
614172,2817
614174,1897
614174,1651
614174,2817
614174,1497
614178,1897
614179,1495
614180,1495
614181,1495
614183,1897
614186,1580
614187,1580
614187,1418
614187,2031
614187,1495
614188,1580
614188,1418
614188,2031
614189,1897
614189,2034
614189,1417
614189,1581
614191,1418
614191,2031
614191,1897
614192,1581
614193,1581
614195,1573
614198,1897
614199,1897
614203,1581
614207,1495
614209,1580
614211,1897
614213,2034
614213,1417
614213,1496
614213,1604
614218,2033
614218,1628
614219,1629
614219,2031
614220,1496
614220,1604
614221,2033
614221,1628
614226,1603
614226,1497
614227,2820
614227,1496
614227,1604
614228,2548
614231,1573
614231,1501
614231,1580
614231,2817
614232,1573
614232,1501
614232,1580
614234,2820
614234,1581
614234,1502
614234,1572
614235,2818
614235,1581
614235,1502
614235,1572
614236,1407
614237,1581
614237,1502
614237,1572
614238,1578
614238,2817
614238,1531
614240,1407
614240,2818
614240,1617
614240,1581
614240,1502
614240,1572
614242,1531
614246,1573
614246,1501
614246,1580
614247,1542
614248,1548
614248,1420
614248,3521
614251,1541
614255,1548
614255,1420
614255,3521
614256,3522
614256,1419
614256,1547
614260,1897
614260,2034
614260,1417
614260,3521
614260,2820
614260,1541
614262,1897
614262,2034
614262,1417
614262,3521
614262,2820
614263,2820
614263,1541
614264,1531
614264,1408
614265,3523
614265,1418
614265,2031
614265,1897
614266,1409
614266,1542
614266,3523
614266,1418
614266,2031
614266,1897
614269,1897
614269,2034
614269,1417
614269,3521
614270,1407
614272,1398
614272,3522
614272,1418
614275,2033
614275,1570
614275,1628
614276,1628
614277,2033
614277,1570
614277,1628
614278,1629
614278,2034
614278,1417
614278,3521
614278,1397
614279,1629
614281,1398
614281,3522
614281,1418
614281,2033
614281,1570
614281,1628
614284,2034
614284,1417
614284,3521
614284,1397
614286,1398
614286,3522
614286,1418
614286,2033
614286,1570
614287,1573
614287,1501
614287,1580
614289,1581
614289,1573
614291,1746
614291,1655
614291,1420
614292,1746
614292,1655
614292,1420
614293,1573
614293,1501
614294,1419
614294,1654
614294,1747
614295,1581
614295,1502
614295,1573
614296,1497
614296,1581
614296,1502
614296,1573
614298,1581
614298,1502
614298,1573
614299,1573
614300,1419
614300,1654
614300,1747
614301,1501
614301,1580
614301,1397
614302,1398
614302,1581
614302,1502
614303,1501
614303,1580
614303,1397
614304,1398
614304,2820
614304,1581
614304,1502
614305,1680
614305,2034
614305,1417
614305,3521
614305,1397
614306,1398
614306,3522
614306,1418
614306,2031
614306,1868
614307,1680
614307,1614
614307,2817
614307,1497
614308,1497
614308,2818
614308,1459
614308,1868
614309,1582
614309,1614
614309,2817
614309,1531
614310,1542
614310,1579
614310,1583
614311,1528
614311,1748
614311,1655
614311,1547
614311,3524
614311,2820
614311,1541
614311,1579
614311,1585
614312,1584
614312,1578
614312,1544
614312,3523
614312,1548
614312,1747
614313,1582
614313,1614
614313,1543
614313,1397
614314,1398
614314,1541
614314,1615
614314,1583
614315,1582
614315,1578
614315,1544
614316,1532
614316,2818
614316,1583
614317,1548
614317,1420
614317,1581
614317,1502
614317,1572
614318,1573
614318,1501
614318,1580
614318,1419
614318,1547
614319,1542
614319,1419
614319,1654
614319,1749
614320,1748
614320,1655
614320,1420
614320,1543
614321,1746
614321,1420
614321,3521
614321,2820
614321,1497
614322,1497
614322,2818
614322,3523
614322,1419
614322,1471
614322,1749
614323,1751
614323,1868
614324,1680
614324,1750
614325,1746
614325,1420
614325,1581
614325,1502
614325,1572
614326,1573
614326,1501
614326,1580
614326,1616
614326,1419
614326,1471
614326,1749
614327,1497
614327,2818
614327,2031
614327,1495
614328,1897
614328,2032
614328,1651
614328,2817
614328,1497
614329,1897
614329,2034
614329,1417
614329,1581
614330,1580
614330,1418
614330,2031
614330,1897
614331,1629
614331,2034
614331,1417
614331,1496
614331,1604
614332,1603
614332,1497
614332,1441
614332,1418
614332,2033
614332,1628
614333,1407
614333,2818
614333,1617
614333,1581
614333,1502
614333,1572
614334,1573
614334,1501
614334,1580
614334,2817
614334,1531
614335,1542
614335,3523
614335,1419
614335,1547
614336,1548
614336,1420
614336,3521
614336,1541
614337,1542
614337,2819
614337,3523
614337,1418
614337,2031
614337,1897
614338,1897
614338,2034
614338,1417
614338,3521
614338,2820
614338,1541
614339,1398
614339,3522
614339,1418
614339,2033
614339,1570
614339,1628
614340,1629
614340,2034
614340,1417
614340,3521
614340,1397
614341,1746
614341,1655
614341,1420
614341,1581
614341,1573
614342,1573
614342,1501
614342,1580
614342,1419
614342,1654
614342,1747
614343,1581
614343,1502
614344,1501
614344,1580
614344,1544
614345,1501
614345,1580
614346,1398
614347,1397
614349,1398
614350,1501
614350,1580
614351,1397
614352,1581
614352,1502
614354,1398
614354,3522
614354,1418
614354,2031
614354,1868
614355,1357
614360,1868
614366,1680
614371,2820
614371,1497
614372,1680
614372,1614
614372,2817
614372,1496
614372,1604
614372,1484
614373,1603
614373,1497
614373,2818
614373,1459
614373,1868
614375,1680
614376,1869
614384,1582
614384,1614
614384,2817
614384,1531
614384,1408
614390,1531
614392,1587
614397,1586
614399,1586
614400,1582
614400,2817
614404,1583
614405,1528
614405,1748
614405,1655
614405,1547
614405,3524
614405,2820
614405,1541
614405,1579
614405,1585
614409,1528
614409,1748
614409,1655
614409,1547
614409,3524
614409,2820
614409,1541
614409,1579
614409,1585
614424,1398
614424,1541
614424,1615
614424,1583
614431,1614
614431,1543
614431,1397
614435,1587
614437,1531
614438,1531
614440,1532
614440,2818
614440,1583
614441,1532
614441,2818
614441,1583
614442,1586
614448,1548
614448,1420
614448,1502
614448,1572
614451,1573
614451,1501
614451,1580
614451,1419
614451,1547
614453,1573
614453,1501
614453,1580
614453,1419
614453,1547
614457,1502
614457,1572
614458,1548
614458,1420
614458,1581
614458,1502
614458,1572
614459,1548
614459,1420
614459,1581
614459,1502
614459,1573
614464,1419
614464,1547
614468,1548
614468,1420
614469,1542
614481,1751
614482,1748
614482,1655
614482,1420
614482,1543
614482,1410
614491,1603
614491,1497
614491,2818
614491,3523
614491,1419
614491,1471
614491,1749
614492,3522
614492,1419
614492,1471
614492,1749
614493,1584
614493,1472
614493,1749
614496,1746
614499,1807
614499,1750
614500,1751
614500,1868
614502,1751
614503,1868
614504,1680
614504,1750
614505,1750
614506,1750
614507,1680
614508,1746
614508,1420
614508,1581
614508,1502
614508,1572
614511,1581
614511,1502
614511,1572
614513,1472
614513,1749
614516,1746
614518,1573
614518,1501
614518,1580
614519,1581
614519,1502
614519,1572
614521,1897
614521,1651
614521,2817
614527,1897
614528,1495
614535,1580
614536,1580
614536,1418
614536,2031
614536,1495
614538,1897
614538,2034
614538,1417
614538,1581
614542,1581
614547,1897
614548,1897
614549,1897
614556,1495
614560,1897
614566,1441
614566,1418
614566,2033
614566,1628
614569,1496
614569,1604
614570,2033
614570,1628
614575,1603
614575,1497
614581,1573
614581,1501
614581,1580
614583,2820
614583,1581
614583,1502
614583,1572
614585,1407
614586,1581
614586,1502
614586,1572
614588,1578
614588,2817
614588,1531
614589,1407
614589,2818
614589,1617
614589,1581
614589,1502
614589,1572
614591,1531
614596,1542
614597,1548
614597,1420
614597,3521
614600,1541
614605,3522
614605,1419
614605,1547
614613,1531
614613,1408
614614,3523
614614,1418
614614,2031
614614,1897
614615,1409
614615,1542
614615,3523
614615,1418
614615,2031
614615,1897
614617,1897
614618,1897
614618,2034
614618,1417
614618,3521
614619,1407
614624,2033
614624,1570
614624,1628
614627,1629
614627,2034
614627,1417
614627,3521
614627,1397
614628,1629
614630,1398
614630,3522
614630,1418
614630,2033
614630,1570
614630,1628
614640,1746
614640,1655
614640,1420
614642,1573
614642,1501
614644,1581
614644,1502
614644,1573
618120,449
618120,472
618120,3269
618120,3276
618120,3316
618121,3308
618121,26
618122,27
618122,3287
618122,3300
618123,3305
618123,3269
618123,471
618123,3514
618124,515
618124,518
618124,27
618124,3287
618124,3313
618125,3280
618125,3308
618125,26
618126,449
618126,472
618126,3269
618126,3304
618126,3276
618127,3305
618127,3274
618127,3269
618127,471
618127,3514
618128,3276
618129,3305
618130,449
618130,472
618130,3269
618130,3276
618130,3341
618130,3316
618131,449
618131,472
618131,3302
618131,3332
618132,3308
618132,3271
618132,26
618134,515
618134,518
618134,27
618134,3287
618134,3313
618134,3300
618135,515
618135,518
618135,27
618135,3271
618135,3287
618135,3313
618136,3300
618136,3280
618136,3308
618137,515
618137,518
618137,27
618137,3287
618137,3313
618137,3300
618138,3322
618138,3280
618138,3308
618138,26
618139,3322
618139,3367
618139,3300
618139,3280
618139,3308
618139,26
618140,515
618140,518
618140,27
618140,3287
618140,3313
618141,515
618141,518
618141,27
618141,3287
618141,3313
618142,3300
618142,3280
618142,3308
618142,26
618143,3341
618143,3300
618143,3280
618143,3308
618143,26
618146,449
618146,472
618146,3269
618146,3304
618146,3276
618148,471
618148,3514
618149,449
618149,472
618149,3349
618150,3270
618150,3305
618150,3274
618150,3269
618150,471
618150,3514
618151,3276
618152,3332
618154,3276
618156,3300
618157,3331
618163,449
618163,472
618163,3269
618163,3276
618163,3316
618164,3308
618164,26
618165,27
618165,3287
618165,3300
618166,3305
618166,3269
618166,471
618166,3514
618167,515
618167,518
618167,27
618167,3287
618167,3313
618168,3280
618168,3308
618168,26
618169,449
618169,472
618169,3269
618169,3304
618169,3276
618170,3305
618170,3274
618170,3269
618170,471
618170,3514
618172,449
618172,472
618172,3302
618172,3332
618174,449
618174,472
618174,3349
618174,3276
618174,3316
618185,449
618185,472
618185,3349
618185,3304
618185,3276
618188,449
618188,472
618189,471
618189,3514
618190,449
618190,472
618190,3349
618192,711
618192,3422
618192,3607
618193,3608
618193,3415
618193,2828
618194,711
618194,3607
618194,3641
618194,3027
618195,3640
618195,3608
618195,3415
618195,2828
618196,3420
618196,2782
618196,3640
618196,777
618196,2115
618197,2114
618197,3611
618197,2781
618197,3415
618198,2305
618198,3646
618198,3036
618198,1979
618198,1702
618198,3666
618198,3722
618199,3667
618199,1703
618199,1731
618199,3037
618199,3647
618199,2274
618200,3604
618201,3689
618201,1093
618201,3620
618201,3617
618201,3603
618201,3598
618201,3415
618202,3720
618202,3657
618202,3668
618202,1979
618202,1702
618202,2076
618202,3717
618202,3674
618203,3673
618203,1082
618203,1703
618203,3668
618203,1979
618203,3670
618203,3658
618203,3720
618203,3415
618204,616
618204,1248
618204,711
618204,2279
618204,3597
618204,3604
618204,3601
618204,3663
618204,1083
618205,3600
618205,3603
618205,3596
618205,3415
618205,2828
618205,1819
618206,616
618206,1248
618206,711
618206,2279
618206,3597
618206,3604
618207,3600
618207,3603
618207,3596
618207,3415
618207,2828
618207,1819
618208,616
618208,1248
618208,711
618208,2279
618208,3597
618208,3604
618208,3616
618209,3617
618209,3603
618209,3596
618209,3415
618209,2828
618209,1819
618210,711
618210,3422
618210,3607
618210,3641
618210,3621
618211,711
618211,3422
618211,3607
618211,3641
618213,3640
618213,3608
618213,3415
618213,2828
618214,3640
618214,3608
618215,3608
618215,3415
618215,2828
618216,3620
618216,3640
618216,3608
618216,3415
618216,2828
618217,3620
618217,3640
618217,3608
618217,3415
618217,2828
618220,3640
618220,3608
618220,3415
618220,2828
618221,711
618221,3607
618221,3641
618221,3027
618222,3640
618222,3608
618222,3415
618222,2828
618223,1297
618223,3640
618223,3608
618223,3415
618223,2828
618224,2782
618224,3641
618225,3420
618225,2782
618225,3026
618225,3640
618225,777
618226,3420
618226,2782
618227,2782
618228,2782
618228,3641
618229,2114
618229,3611
618229,2781
618229,3415
618230,2114
618230,3611
618230,2781
618230,3415
618231,2114
618231,3611
618231,2781
618231,3415
618232,2114
618232,3611
618232,2781
618233,2114
618233,2781
618233,3415
618234,2114
618234,2781
618234,3415
618235,2781
618235,3415
618236,2781
618236,3415
618238,3421
618238,2305
618238,3646
618238,3036
618238,1979
618238,1702
618238,3666
618238,3722
618239,3421
618239,2305
618239,3646
618239,3645
618239,3722
618239,3643
618240,2305
618240,3646
618240,3645
618240,3722
618240,3643
618241,2305
618241,3646
618241,3645
618241,3722
618241,3643
618242,3667
618242,1703
618242,1731
618242,3037
618242,3647
618242,2274
618243,3667
618243,1703
618243,1731
618243,3037
618243,3647
618243,2274
618243,3415
618244,3667
618244,1703
618244,1731
618244,3037
618244,3647
618244,2274
618244,3420
618245,3721
618245,3644
618245,3647
618245,2274
618245,3415
618246,3667
618247,3415
618248,3601
618248,3654
618250,3599
618250,3604
618251,3599
618251,3604
618252,3604
618253,3604
618254,3617
618255,3421
618255,3657
618255,3669
618255,1702
618255,2076
618255,3064
618255,3717
618255,3674
618257,3657
618257,1979
618257,1702
618259,3669
618259,1702
618260,711
618260,3669
618260,1702
618261,1081
618261,2076
618261,3064
618261,3717
618261,3674
618262,3421
618262,3720
618262,3657
618262,3669
618262,1702
618262,2076
618262,3717
618262,3674
618263,3720
618263,3657
618263,3669
618263,1702
618263,2076
618263,3717
618263,3674
618264,3244
618264,3720
618264,3657
618264,3668
618264,1979
618264,1702
618264,2076
618264,3717
618264,3674
618265,3245
618265,3415
618266,3673
618266,1082
618266,3670
618266,3658
618266,3720
618266,3415
618267,3673
618267,1082
618267,3670
618267,3658
618267,3720
618268,3673
618268,2077
618268,1082
618268,3670
618268,3658
618268,3720
618269,3673
618269,2077
618269,1082
618269,3670
618269,3658
618269,3720
618269,3415
618274,3673
618274,1082
618275,3673
618275,1082
618276,616
618276,1248
618276,711
618276,2279
618276,3597
618276,3604
618276,3601
618276,3663
618276,1083
618278,616
618278,1248
618278,711
618280,616
618280,1248
618280,711
618281,616
618281,1248
618281,711
618281,2279
618281,3597
618281,3604
618281,3601
618283,616
618283,1248
618283,711
618283,2279
618283,3597
618283,3604
618283,3601
618283,3664
618283,3614
618283,3660
618283,1082
618284,3600
618284,3603
618284,3596
618284,3415
618284,2828
618284,1819
618285,3415
618285,2828
618285,1819
618287,1081
618287,3665
618287,3600
618287,3603
618287,3596
618287,3415
618287,2828
618287,1819
618288,1200
618288,3662
618288,3603
618288,3596
618288,3415
618288,2828
618288,1819
618289,1200
618289,3662
618289,3600
618289,3603
618289,3596
618289,3415
618289,2828
618289,1819
618290,1200
618290,3662
618290,3600
618290,3603
618290,3596
618290,3415
618290,2828
618290,1819
618291,1200
618291,3662
618291,3600
618291,3616
618291,3603
618291,3596
618291,3415
618291,2828
618291,1819
618292,1200
618292,3662
618292,3600
618292,3616
618292,3603
618292,3596
618292,3415
618292,2828
618292,1819
618293,616
618293,1248
618293,711
618293,2279
618293,3597
618293,3604
618294,3600
618294,3616
618294,3603
618294,3596
618294,3415
618294,2828
618294,1819
618295,616
618295,1248
618295,711
618295,2279
618295,3597
618295,3604
618297,3617
618297,3603
618297,3596
618297,3415
618297,2828
618297,1819
618298,616
618298,1248
618298,711
618298,2279
618298,3597
618298,3604
618299,616
618299,1248
618299,711
618299,2279
618299,3597
618299,3604
618299,3616
618300,616
618300,1248
618300,711
618300,2279
618300,3597
618300,3604
618301,616
618301,1248
618301,711
618301,2279
618301,3597
618301,3604
618302,3617
618302,3603
618302,3596
618302,3415
618302,2828
618302,1819
618303,3617
618303,3616
618303,3603
618303,3596
618303,3415
618303,2828
618303,1819
618304,3617
618304,3603
618304,3596
618304,3415
618304,2828
618304,1819
618305,711
618305,3422
618305,3607
618306,3608
618306,3415
618306,2828
618311,616
618311,1248
618311,711
618311,2279
618311,3597
618311,3604
618311,3601
618311,3663
618311,1083
618312,3600
618312,3603
618312,3596
618312,3415
618312,2828
618312,1819
618313,616
618313,1248
618313,711
618313,2279
618313,3597
618313,3604
618314,3600
618314,3603
618314,3596
618314,3415
618314,2828
618314,1819
618315,616
618315,1248
618315,711
618315,2279
618315,3597
618315,3604
618315,3616
618322,3608
618322,3415
618322,2828
618325,711
618325,3422
618325,3607
618325,3641
618325,3027
618326,3026
618326,3608
618326,3415
618326,2828
618329,3420
618329,2782
618330,2782
618338,2781
618338,3415
618340,2781
618340,3415
618342,3421
618342,3657
618342,1979
618342,1702
618342,3706
618342,2076
618342,3064
618342,3717
618342,3674
618344,3421
618344,3657
618344,3669
618344,1702
618348,3421
618348,3720
618348,3657
618348,3669
618348,1702
618348,2076
618348,3717
618348,3674
618355,3673
618355,2077
618355,1082
618355,3670
618355,3658
618355,3720
618355,3415
618356,3673
618356,2077
618356,1082
618356,3670
618356,3658
618356,3720
618356,3415
618357,3673
618357,1082
618357,1703
618357,3668
618357,1979
618357,3670
618357,3658
618357,3720
618357,3415
618358,3673
618358,1082
618358,3668
618358,1979
618358,3670
618358,3658
618358,3415
618359,3673
618359,1082
618359,3670
618359,3720
618359,3415
618362,616
618362,1248
618362,711
618362,2279
618362,3597
618362,3604
618362,3601
618362,3663
618362,1083
618363,2279
618363,3597
618363,3604
618363,3601
618363,3663
618363,1083
618365,616
618365,1248
618365,711
618368,616
618368,1248
618368,711
618368,2279
618368,3597
618368,3604
618368,3616
618368,3601
618368,3663
618368,1083
618369,616
618369,1248
618369,711
618369,2279
618369,3597
618369,3604
618369,3601
618369,3664
618369,3614
618369,3660
618369,1082
618372,3600
618372,3603
618372,3596
618372,3415
618372,2828
618372,1819
618375,1200
618375,3662
618375,3600
618375,3603
618375,3596
618375,3415
618375,2828
618375,1819
618376,1200
618376,3662
618376,3600
618376,3603
618376,3596
618376,3415
618376,2828
618376,1819
618379,616
618379,1248
618379,711
618379,2279
618379,3597
618379,3604
618380,3600
618380,3616
618380,3603
618380,3596
618380,3415
618380,2828
618380,1819
618383,3617
618383,3603
618383,3596
618383,3415
618383,2828
618383,1819
618384,616
618384,1248
618384,711
618384,2279
618384,3597
618384,3604
618391,2506
618391,3422
618391,2013
618391,761
618392,760
618392,1230
618392,2711
618392,3419
618392,735
618392,2935
618392,2646
618393,526
618393,538
618394,539
618394,527
618395,3421
618395,2275
618396,2276
618396,3415
618396,2771
618397,3134
618397,3132
618397,458
618397,3514
618397,317
618397,281
618397,3490
618398,3489
618398,2863
618398,316
618398,447
618398,1249
618398,3134
618399,2863
618399,316
618399,1249
618399,3134
618400,3134
618400,3132
618400,458
618400,3514
618400,317
618400,281
618400,1906
618401,518
618401,436
618401,3134
618402,469
618402,2905
618402,435
618402,1011
618403,1218
618403,1219
618403,472
618404,475
618404,471
618404,463
618404,458
618405,480
618405,2035
618405,350
618406,343
618406,349
618406,1215
618406,481
618408,896
618408,1215
618408,481
618410,18
618410,896
618410,1215
618410,481
618411,3412
618411,3547
618411,256
618411,1151
618411,305
618411,324
618412,323
618412,304
618412,2855
618412,255
618412,1759
618412,3416
618413,553
618413,1742
618413,3517
618413,480
618414,481
618414,3526
618414,1743
618414,554
618415,666
618415,212
618415,255
618415,271
618415,281
618416,2861
618416,1149
618416,256
618416,1142
618416,824
618417,1215
618417,481
618417,3104
618417,243
618417,255
618417,2972
618417,2976
618418,2977
618418,2973
618418,256
618418,244
618418,3103
618418,480
618418,2035
618419,16
618419,256
618419,1151
618419,494
618419,508
618419,3102
618419,509
618419,546
618419,613
618419,619
618419,637
618420,673
618420,639
618420,620
618420,1819
618420,1330
618420,508
618420,3102
618420,509
618420,1154
618420,255
618420,15
618421,1230
618421,3415
618421,2828
618421,1819
618421,1330
618421,3107
618421,2816
618421,1154
618421,281
618422,1151
618422,494
618422,2815
618422,3102
618422,509
618422,841
618422,1248
618422,711
618423,216
618423,226
618423,240
618423,305
618423,781
618424,782
618424,304
618424,242
618424,884
618424,217
618425,378
618425,323
618425,480
618425,1219
618425,3134
618426,3134
618426,463
618426,481
618426,324
618426,2341
618427,3412
618427,1306
618427,2863
618427,781
618427,2527
618428,2528
618428,782
618428,2855
618428,1174
618428,3416
618428,116
618429,378
618429,2816
618429,546
618429,1741
618429,711
618429,2305
618430,2274
618430,3415
618430,2828
618430,1740
618430,2815
618430,324
618430,2342
618431,38
618431,255
618432,256
618432,244
618433,255
618433,271
618433,281
618433,378
618434,2342
618434,2861
618434,1149
618434,256
618435,637
618435,656
618435,3517
618435,480
618436,481
618436,3526
618436,1175
618436,638
618437,255
618437,261
618437,179
618437,165
618438,164
618438,2977
618438,180
618438,256
618439,1160
618439,651
618439,656
618439,508
618439,3106
618439,509
618439,782
618440,323
618440,508
618440,3106
618440,509
618440,2816
618440,1175
618440,650
618440,665
618441,324
618441,3138
618441,3402
618441,3406
618441,3405
618441,3404
618441,3403
618442,3405
618442,3404
618442,3402
618442,3403
618442,864
618442,323
618443,2274
618443,3415
618443,2828
618443,1819
618443,2028
618443,884
618443,212
618444,1142
618444,228
618444,1176
618444,1248
618444,711
618444,2305
618445,636
618445,818
618445,242
618445,255
618445,3235
618446,256
618446,240
618446,1782
618446,639
618447,481
618447,3526
618447,1743
618447,554
618448,553
618448,1742
618448,3517
618448,480
618449,2863
618449,316
618449,2816
618449,1178
618449,613
618449,619
618450,635
618450,1819
618450,617
618450,2815
618450,317
618450,281
618451,636
618451,818
618451,241
618451,494
618451,781
618452,782
618452,952
618452,1782
618452,638
618453,635
618453,637
618453,666
618453,212
618453,255
618453,271
618453,2863
618454,284
618454,2861
618454,1149
618454,256
618454,1142
618454,824
618454,639
618454,620
618455,619
618455,637
618455,668
618455,2172
618456,2173
618456,667
618456,3413
618456,639
618456,620
618457,647
618457,639
618457,620
618457,1248
618457,711
618457,2305
618458,51
618458,2274
618458,3415
618458,2828
618458,613
618458,619
618458,638
618458,700
618459,637
618459,656
618459,242
618459,255
618460,256
618460,240
618460,1175
618460,1318
618460,636
618461,26
618461,445
618461,2119
618461,319
618461,2855
618461,255
618462,256
618462,1151
618462,318
618462,447
618462,27
618463,38
618463,255
618464,256
618464,244
618465,242
618465,884
618465,217
618465,212
618465,3547
618465,2884
618466,251
618466,1759
618466,1142
618466,216
618466,226
618466,240
618467,636
618467,818
618467,508
618467,3106
618467,509
618467,396
618468,864
618468,323
618468,508
618468,3106
618468,509
618468,2816
618468,1782
618468,638
618469,546
618469,1178
618469,1248
618469,711
618470,3415
618470,2828
618470,1819
618470,617
618470,1330
618471,242
618471,884
618471,217
618471,115
618471,91
618472,94
618472,1125
618472,932
618472,216
618472,226
618473,788
618473,216
618473,226
618473,240
618473,1330
618473,508
618473,3107
618473,447
618473,1249
618473,3134
618474,469
618474,3132
618474,2119
618474,3104
618474,547
618474,242
618474,884
618474,217
618474,2479
618475,1901
618475,604
618475,711
618476,3415
618476,2828
618476,603
618476,1900
618477,55
618477,2274
618477,2304
618477,3415
618477,2828
618477,3239
618477,1740
618477,1330
618477,2954
618477,508
618477,3102
618477,2861
618477,1149
618477,251
618478,2884
618478,271
618478,2863
618478,508
618478,3102
618478,509
618478,2953
618478,546
618478,1741
618478,3240
618478,711
618478,2273
618478,2305
618479,1901
618479,604
618479,711
618479,2305
618480,2274
618480,3415
618480,2828
618480,603
618480,1900
618481,1138
618481,3412
618481,211
618481,240
618481,508
618481,3104
618481,509
618481,546
618481,27
618482,26
618482,1330
618482,508
618482,3104
618482,509
618482,242
618482,212
618482,3416
618483,803
618483,553
618483,1740
618483,1330
618483,508
618483,3103
618483,480
618484,2528
618484,481
618484,3103
618484,509
618484,546
618484,1743
618484,554
618485,3561
618485,553
618485,1740
618485,1330
618485,508
618485,3105
618485,509
618485,242
618485,212
618485,129
618485,1251
618486,3008
618486,891
618486,1138
618486,211
618486,240
618486,508
618486,3105
618486,509
618486,546
618486,1743
618486,554
618487,3105
618487,509
618487,841
618487,804
618487,576
618487,567
618488,575
618488,977
618488,1330
618488,3105
618489,576
618489,567
618490,582
618490,568
618490,575
618490,1740
618491,243
618491,255
618491,261
618491,179
618491,3222
618492,3221
618492,180
618492,262
618492,256
618492,244
618493,977
618493,1312
618494,241
618494,494
618495,255
618495,261
618495,179
618495,165
618496,164
618496,2977
618496,180
618496,262
618496,256
618497,884
618497,217
618497,2479
618497,115
618498,114
618498,788
618498,216
618498,226
618499,636
618499,818
618499,508
618499,3106
618499,509
618499,1000
618499,2342
618500,864
618500,323
618500,508
618500,3106
618500,509
618500,2816
618500,1782
618500,638
618501,2028
618501,884
618501,215
618502,214
618502,228
618502,1176
618503,1901
618503,613
618503,620
618504,635
618504,1892
618504,603
618504,1900
618505,242
618505,212
618505,115
618505,1025
618506,1125
618506,114
618506,211
618507,115
618507,1139
618507,981
618507,3755
618507,1025
618508,91
618508,798
618508,994
618509,665
618510,1160
618511,1160
618511,3413
618511,639
618511,620
618511,1892
618511,568
618512,567
618512,1189
618512,613
618512,619
618512,637
618512,644
618512,1329
618512,665
618513,38
618513,255
618514,256
618514,244
618515,1901
618515,604
618515,711
618516,3415
618516,2828
618516,603
618516,1900
618517,667
618517,3413
618517,639
618517,620
618518,619
618518,637
618518,668
618518,1074
618519,1239
618519,281
618519,403
618520,3405
618520,3404
618520,3402
618520,2855
618521,952
618522,1313
618522,1742
618523,637
618523,666
618523,212
618523,195
618523,179
618524,180
618524,1759
618524,1142
618524,824
618524,638
618530,2506
618530,3422
618530,2013
618531,526
618531,529
618531,538
618532,526
618532,538
618532,3272
618533,526
618533,529
618533,538
618533,3272
618534,526
618534,538
618535,539
618535,527
618536,3272
618536,539
618536,527
618537,539
618537,528
618537,527
618538,2275
618539,2276
618539,3415
618540,3134
618540,3132
618540,458
618540,3514
618540,317
618540,281
618542,447
618542,1249
618542,3134
618543,469
618543,3132
618543,458
618543,3514
618543,317
618543,281
618543,3490
618546,3134
618546,3132
618546,458
618546,3514
618546,317
618546,281
618546,1906
618546,3490
618547,316
618547,1249
618547,3134
618548,469
618548,2905
618548,435
618548,1011
618548,543
618548,1175
618550,1218
618550,1219
618550,472
618550,3294
618551,3295
618551,475
618551,471
618551,463
618551,458
618552,475
618552,471
618552,463
618553,480
618553,2035
618553,350
618554,480
618554,2035
618554,350
618555,480
618555,2035
618555,350
618556,480
618556,2035
618556,350
618558,480
618558,347
618558,2666
618558,897
618559,480
618559,347
618559,2666
618559,897
618560,480
618560,347
618560,2666
618560,897
618560,864
618561,480
618561,347
618561,2666
618561,897
618561,18
618561,864
618562,480
618562,347
618562,2666
618562,897
618562,18
618562,2010
618563,480
618563,347
618563,2666
618563,897
618563,18
618565,323
618565,304
618565,2855
618565,255
618566,323
618566,304
618566,2855
618566,255
618566,1759
618566,3416
618568,1151
618568,305
618568,324
618569,3412
618569,3547
618569,256
618569,1151
618569,305
618569,324
618572,1151
618572,305
618572,324
618574,323
618574,304
618574,2855
618575,323
618575,304
618578,481
618578,3526
618579,666
618579,212
618579,255
618579,271
618579,281
618581,2861
618581,1149
618581,256
618581,1142
618581,824
618585,1963
618585,3182
618586,2861
618586,1149
618586,256
618586,1142
618586,824
618586,879
618591,637
618597,2977
618597,2973
618597,256
618597,244
618597,3103
618597,480
618597,2035
618599,2977
618599,2973
618599,256
618599,244
618601,480
618601,2035
618604,256
618604,244
618606,256
618606,244
618607,243
618607,255
618608,1215
618608,481
618609,1215
618609,481
618610,782
618610,315
618610,952
618610,1782
618614,509
618614,1154
618614,255
618614,15
618615,16
618615,256
618615,1151
618615,494
618615,508
618615,3102
618616,16
618616,256
618616,1151
618616,494
618616,508
618617,635
618617,1819
618617,1330
618617,508
618617,3102
618617,509
618617,1154
618617,255
618617,15
618618,16
618618,256
618618,1151
618618,494
618618,508
618618,3102
618618,509
618618,546
618618,613
618618,619
618620,509
618620,546
618620,613
618620,619
618620,637
618620,1074
618622,509
618622,546
618622,613
618622,619
618622,637
618623,546
618623,613
618623,619
618623,637
618624,546
618624,613
618624,619
618624,637
618625,546
618625,613
618625,619
618625,637
618627,1074
618627,673
618627,638
618629,1230
618629,3415
618629,2828
618629,1819
618629,1330
618629,3107
618629,2816
618629,1154
618629,281
618634,1230
618634,3415
618634,2828
618634,1819
618634,1330
618634,508
618635,2855
618635,205
618637,1230
618637,3415
618637,2828
618637,613
618637,637
618638,1248
618638,711
618639,509
618639,841
618639,1248
618639,711
618644,216
618644,226
618644,240
618644,305
618644,781
618646,782
618646,304
618646,242
618646,884
618646,217
618648,480
618648,1219
618648,3134
618651,1219
618651,3134
618652,1219
618652,3134
618653,1219
618653,3134
618656,3134
618656,463
618656,481
618656,324
618656,2341
618658,378
618658,323
618658,480
618658,1219
618658,3134
618661,3134
618662,481
618662,324
618662,2341
618663,3134
618664,3134
618664,463
618667,378
618669,2341
618671,3412
618671,1306
618671,2863
618671,781
618671,2527
618672,3131
618673,1306
618673,2863
618673,781
618673,2527
618674,1306
618674,2863
618674,781
618674,2527
618675,781
618675,2527
618678,2528
618678,782
618678,2855
618679,2528
618679,782
618679,2855
618679,1174
618681,2528
618681,782
618685,2274
618685,3415
618685,2828
618685,1740
618685,2815
618685,324
618685,2342
618686,2274
618686,3415
618686,2828
618686,1740
618686,2815
618687,2274
618687,3415
618687,2828
618687,1740
618687,2815
618689,378
618689,2816
618689,546
618689,1741
618689,711
618689,2305
618690,2815
618690,324
618690,2342
618691,1740
618691,2815
618691,324
618691,2342
618693,2274
618693,3415
618693,2828
618696,378
618696,2816
618697,711
618697,2305
618698,509
618698,38
618698,255
618699,256
618703,255
618703,271
618703,281
618703,378
618703,1153
618704,1153
618704,2342
618704,2861
618704,1149
618704,256
618706,2342
618706,2861
618706,1149
618706,256
618707,2342
618707,2861
618707,1149
618707,256
618708,2342
618710,378
618712,1153
618712,2342
618712,2861
618712,1149
618712,256
618713,255
618713,271
618713,281
618713,378
618714,255
618714,271
618714,281
618719,2342
618720,255
618720,2973
618721,255
618721,271
618721,281
618721,378
618721,1153
618722,255
618722,271
618722,281
618724,481
618724,3526
618724,1175
618724,638
618725,481
618725,3526
618725,1175
618725,638
618726,637
618728,638
618729,656
618729,3517
618729,480
618730,481
618730,3526
618730,1175
618731,2475
618731,164
618731,2977
618731,2869
618731,256
618733,255
618733,261
618733,179
618733,165
618734,164
618734,2977
618734,180
618735,164
618735,2977
618735,180
618735,256
618736,656
618736,241
618738,1160
618738,651
618738,656
618738,508
618738,3106
618738,509
618738,782
618739,1160
618739,651
618739,656
618739,508
618739,3106
618739,509
618739,782
618740,1160
618740,651
618740,656
618740,508
618741,323
618741,508
618741,3106
618741,509
618741,2816
618741,1175
618741,650
618741,665
618744,1160
618744,651
618745,323
618745,508
618746,324
618746,3138
618746,3402
618746,3406
618747,324
618747,3138
618747,3402
618747,3406
618749,3405
618749,3404
618749,3402
618749,3403
618749,864
618749,2855
618750,3405
618750,3404
618750,3402
618750,3403
618750,864
618750,323
618751,3405
618751,3404
618751,3402
618751,3403
618751,864
618751,323
618752,3405
618752,3404
618752,3402
618752,3403
618752,864
618752,323
618755,2028
618755,884
618755,212
618756,1142
618756,228
618756,1176
618757,2274
618757,3415
618757,2828
618757,613
618758,1142
618758,228
618758,1176
618758,613
618759,1142
618759,228
618760,1142
618761,2836
618762,1248
618762,711
618762,2305
618763,884
618763,212
618765,636
618765,818
618765,242
618765,255
618767,3517
618767,480
618768,480
618769,481
618769,3526
618771,2863
618771,316
618771,2816
618771,1178
618771,613
618772,1819
618772,617
618772,2815
618772,317
618772,281
618773,620
618773,1819
618773,617
618773,2815
618773,317
618773,281
618774,620
618775,2863
618775,316
618775,2816
618775,1178
618775,613
618775,619
618776,635
618777,2863
618777,316
618777,2816
618777,1178
618777,613
618777,619
618780,638
618781,638
618782,636
618782,818
618782,241
618782,494
618782,781
618783,782
618783,952
618783,1782
618783,638
618783,879
618784,637
618786,635
618786,637
618786,666
618786,212
618786,255
618786,271
618786,1906
618786,2863
618787,256
618787,1142
618787,824
618787,639
618788,284
618788,2861
618788,1906
618788,1149
618788,256
618788,1142
618788,824
618788,639
618788,620
618789,284
618789,2861
618789,1149
618789,256
618789,205
618789,1142
618789,824
618790,284
618790,2861
618790,1906
618790,1149
618790,256
618790,1142
618790,824
618791,666
618791,212
618791,255
618791,271
618791,2863
618793,639
618793,620
618794,635
618794,637
618795,637
618796,2173
618796,667
618796,3413
618796,639
618796,620
618797,619
618797,637
618797,668
618797,2172
618797,1074
618798,619
618798,637
618799,2173
618801,667
618801,3413
618801,639
618801,620
618803,2172
618805,706
618805,647
618805,639
618805,620
618805,1248
618805,711
618805,2305
618806,51
618806,2274
618806,3415
618806,2828
618806,613
618806,619
618806,638
618806,700
618806,705
618808,51
618808,2274
618808,3415
618808,2828
618808,613
618808,619
618808,638
618809,706
618809,647
618809,637
618810,647
618810,637
618811,639
618811,620
618811,1248
618811,711
618811,2305
618812,2305
618813,638
618813,700
618814,638
618814,700
618814,705
618817,637
618818,636
618819,656
618819,242
618819,255
618820,256
618820,240
618820,1175
618820,1165
618821,445
618821,2119
618821,319
618821,2855
618821,255
618822,256
618822,1151
618822,318
618822,447
618823,1151
618823,318
618823,447
618823,27
618824,318
618824,447
618825,256
618826,26
618826,445
618826,2119
618826,319
618827,26
618827,445
618827,2119
618827,319
618828,26
618828,445
618828,2119
618828,319
618829,445
618829,2119
618829,319
618830,255
618834,256
618834,244
618835,256
618838,613
618839,255
618842,251
618842,1759
618842,1142
618842,216
618842,226
618842,240
618843,251
618843,1759
618843,1142
618843,216
618843,226
618843,240
618845,818
618845,241
618846,212
618846,3547
618846,2884
618846,2972
618847,251
618847,1759
618847,1142
618848,978
618848,952
618849,636
618849,818
618849,508
618849,3106
618849,509
618851,509
618851,2816
618851,1782
618851,638
618852,509
618852,396
618853,782
618854,864
618854,323
618854,508
618854,3106
618854,509
618854,2816
618854,1782
618854,638
618857,1819
618857,617
618857,1330
618858,1819
618858,617
618858,1330
618859,1248
618859,711
618860,3415
618860,2828
618860,613
618861,546
618861,1178
618861,613
618862,94
618862,1125
618862,932
618862,216
618862,226
618862,240
618863,94
618863,1125
618863,932
618863,216
618863,226
618864,94
618864,1125
618864,932
618864,216
618864,226
618865,3136
618865,94
618865,1125
618865,932
618865,216
618865,226
618866,3136
618866,94
618866,1125
618866,932
618866,216
618866,226
618867,242
618867,884
618867,217
618867,115
618867,91
618867,3136
618868,242
618868,884
618868,217
618868,115
618868,91
618869,242
618869,884
618869,217
618869,115
618869,91
618869,3136
618870,115
618870,91
618871,115
618871,91
618871,3136
618872,94
618872,1125
618872,932
618873,788
618873,216
618873,226
618873,240
618873,1330
618873,3107
618873,447
618873,1249
618873,3134
618874,508
618874,3107
618874,447
618874,1249
618874,3134
618875,788
618875,216
618875,226
618875,240
618875,1330
618875,3107
618876,788
618876,2554
618877,788
618877,216
618877,226
618877,240
618877,1330
618878,788
618878,216
618878,226
618878,240
618878,1330
618881,216
618881,226
618881,240
618881,1330
618883,469
618883,3132
618883,2119
618883,3104
618883,547
618883,242
618883,884
618883,217
618884,2119
618884,3104
618884,547
618884,242
618884,884
618884,217
618884,2479
618885,3134
618885,3132
618885,2119
618885,509
618885,547
618885,1175
618887,3134
618887,3132
618887,2119
618887,3104
618887,547
618887,242
618887,884
618887,217
618887,2479
618888,2119
618888,3104
618888,547
618888,242
618888,884
618888,217
618888,788
618890,547
618890,242
618890,884
618890,217
618890,788
618891,788
618891,2554
618894,1901
618894,604
618894,711
618895,1901
618895,604
618895,711
618897,3415
618897,2828
618897,603
618897,1900
618898,1248
618898,711
618899,711
618900,711
618901,3415
618901,2828
618901,613
618903,1901
618903,602
618904,603
618904,1900
618908,2273
618908,2305
618909,1149
618909,251
618910,55
618910,2796
618910,2274
618910,2304
618910,3415
618910,2828
618910,3239
618910,1740
618910,1330
618910,2954
618910,508
618910,3102
618910,2861
618910,1149
618910,251
618911,55
618911,2274
618911,2304
618911,3415
618911,2828
618912,2274
618912,2304
618912,3415
618912,2828
618912,637
618914,2884
618914,271
618914,2863
618914,3102
618914,509
618914,2953
618914,546
618914,1741
618914,711
618914,2273
618914,2305
618914,2796
618915,2861
618915,1906
618915,1149
618915,251
618917,2855
618918,786
618918,116
618919,786
618919,116
618919,788
618920,786
618920,1142
618921,1901
618921,604
618921,711
618921,2305
618923,711
618923,2305
618924,603
618924,1900
618925,2274
618925,3415
618925,2828
618926,891
618926,1138
618926,3412
618926,211
618926,240
618926,508
618926,3104
618926,509
618926,546
618926,27
618927,891
618927,1138
618927,3412
618927,211
618927,240
618927,508
618928,509
618928,546
618928,27
618929,1138
618929,3412
618929,211
618929,240
618931,26
618931,1330
618931,508
618931,3104
618931,509
618931,242
618931,212
618931,3416
618931,1251
618932,509
618932,242
618932,212
618932,3416
618932,1251
618933,26
618933,1330
618933,508
618934,26
618934,1330
618934,3517
618934,545
618934,543
618934,1175
618935,553
618935,1740
618935,1330
618935,508
618935,3103
618935,480
618938,803
618938,553
618938,1740
618938,1330
618938,508
618939,509
618941,2528
618941,481
618941,3103
618941,509
618941,546
618941,1743
618941,554
618942,2528
618942,481
618942,509
618942,547
618945,3561
618945,553
618945,1740
618945,1330
618945,508
618948,509
618949,3008
618949,891
618949,1138
618949,211
618949,240
618949,508
618950,3561
618950,553
618950,804
618950,637
618955,3105
618955,509
618955,547
618957,582
618957,568
618957,575
618957,1740
618957,874
618957,613
618958,576
618958,567
618959,576
618959,595
618959,567
618960,582
618960,568
618961,576
618961,1034
618961,1701
618961,567
618962,576
618962,1034
618962,1701
618962,567
618963,576
618963,595
618963,567
618964,582
618964,568
618964,596
618964,575
618964,1740
618965,582
618965,568
618965,1034
618965,1701
618965,575
618965,1740
618966,1819
618966,1743
618969,3574
618970,255
618970,261
618970,179
618970,3222
618972,3221
618972,180
618972,262
618972,256
618973,3221
618973,180
618973,262
618973,256
618973,244
618973,901
618974,977
618974,1312
618977,1312
618980,255
618980,261
618980,179
618980,165
618981,255
618981,261
618981,2492
618981,165
618983,164
618983,2977
618983,2869
618983,262
618983,256
618984,164
618984,2977
618984,180
618984,262
618984,256
618986,242
618986,884
618986,217
618986,2479
618986,115
618987,114
618987,788
618987,216
618987,226
618988,114
618988,788
618988,216
618988,226
618988,952
618988,1782
618989,114
618990,818
618990,242
618990,884
618990,217
618990,2479
618990,115
618992,2479
618992,115
618993,115
618995,271
618995,281
618996,864
618996,323
618996,508
618996,3106
618997,864
618997,323
618997,508
618997,3106
618997,509
618997,2816
618997,1782
618997,638
618999,214
618999,228
618999,1176
619000,214
619000,228
619000,1176
619003,1901
619003,613
619005,1901
619005,613
619005,620
619006,635
619006,1892
619006,603
619006,1900
619007,635
619007,1892
619007,603
619007,1900
619008,635
619008,1892
619008,603
619008,1900
619009,635
619009,1892
619009,603
619009,1900
619010,635
619010,1892
619010,603
619010,1900
619011,635
619011,1892
619011,603
619011,1900
619012,1892
619012,603
619012,1900
619013,1892
619013,603
619013,1900
619014,620
619015,620
619015,3144
619016,635
619017,635
619018,1125
619018,114
619018,211
619018,240
619019,1125
619019,114
619020,242
619020,212
619020,115
619020,1025
619021,115
619021,1025
619022,115
619022,1139
619022,981
619025,115
619025,1139
619025,981
619025,3755
619025,1025
619027,91
619027,798
619027,994
619028,994
619029,115
619029,1139
619029,981
619029,3755
619029,1025
619030,1160
619032,665
619034,1160
619034,3413
619034,639
619034,620
619034,1892
619034,567
619035,568
619035,1189
619035,613
619035,619
619035,637
619035,644
619035,1329
619035,665
619036,1160
619036,3413
619036,639
619036,620
619036,1892
619036,568
619036,1034
619036,1701
619037,1160
619037,3413
619037,639
619037,620
619037,1892
619037,1034
619037,1701
619037,567
619038,1160
619038,3413
619038,639
619038,620
619038,1892
619038,2117
619038,568
619039,1160
619039,3413
619039,639
619039,620
619039,1892
619039,2117
619039,568
619040,1160
619040,3413
619040,639
619040,620
619040,1892
619040,2117
619040,567
619041,1701
619041,1034
619041,567
619041,1189
619041,613
619041,619
619041,637
619041,644
619041,1329
619041,665
619042,568
619042,2117
619042,613
619042,619
619042,637
619042,644
619042,1329
619042,665
619043,568
619043,1034
619043,1701
619043,2117
619043,613
619043,619
619043,637
619043,644
619043,1329
619043,665
619044,567
619044,2117
619044,613
619044,619
619044,637
619044,644
619044,1329
619044,665
619045,568
619046,567
619046,2117
619047,568
619047,613
619047,619
619047,637
619047,644
619048,567
619048,613
619048,619
619048,637
619048,644
619049,1160
619050,3413
619050,639
619050,620
619050,1892
619050,567
619051,1329
619051,665
619054,256
619054,244
619056,255
619057,256
619057,240
619060,3415
619060,2828
619062,711
619063,603
619063,1900
619065,667
619065,3413
619065,639
619065,620
619066,619
619066,637
619066,668
619067,3413
619067,637
619067,668
619069,667
619069,3413
619069,639
619069,620
619070,667
619070,3413
619070,638
619071,281
619071,403
619071,3406
619074,3405
619074,3404
619074,3402
619074,2855
619075,3405
619075,3404
619075,3402
619075,2855
619078,638
619080,637
619080,666
619080,212
619080,195
619080,179
619082,637
619083,526
619083,538
619084,539
619084,527
619085,3421
619085,2275
619086,2276
619086,3415
619086,2771
619087,3134
619087,3132
619087,458
619087,3514
619087,317
619087,281
619087,3490
619088,3489
619088,2863
619088,316
619088,447
619088,1249
619088,3134
619089,2863
619089,316
619089,1249
619089,3134
619090,3134
619090,3132
619090,458
619090,3514
619090,317
619090,281
619090,1906
619091,518
619091,436
619091,3134
619092,469
619092,2905
619092,435
619092,1011
619093,1218
619093,1219
619093,472
619094,475
619094,471
619094,463
619094,458
619095,480
619095,2035
619095,350
619096,343
619096,349
619096,1215
619096,481
619097,480
619097,347
619097,2666
619097,897
619098,896
619098,1215
619098,481
619099,480
619099,347
619099,2666
619099,897
619099,18
619100,18
619100,896
619100,1215
619100,481
619101,3412
619101,3547
619101,256
619101,1151
619101,305
619101,324
619102,323
619102,304
619102,2855
619102,255
619102,1759
619102,3416
619103,553
619103,1742
619103,3517
619103,480
619104,481
619104,3526
619104,1743
619104,554
619107,1215
619107,481
619107,3104
619107,243
619107,255
619107,2972
619107,2976
619108,2977
619108,2973
619108,256
619108,244
619108,3103
619108,480
619108,2035
619109,16
619109,256
619109,1151
619109,494
619109,508
619109,3102
619109,509
619109,546
619109,613
619109,619
619109,637
619110,673
619110,639
619110,620
619110,1819
619110,1330
619110,508
619110,3102
619110,509
619110,1154
619110,255
619110,15
619111,1230
619111,3415
619111,2828
619111,1819
619111,1330
619111,3107
619111,2816
619111,1154
619111,281
619112,1151
619112,494
619112,2815
619112,3102
619112,509
619112,841
619112,1248
619112,711
619113,216
619113,226
619113,240
619113,305
619113,781
619114,782
619114,304
619114,242
619114,884
619114,217
619115,378
619115,323
619115,480
619115,1219
619115,3134
619116,3134
619116,463
619116,481
619116,324
619116,2341
619117,3412
619117,1306
619117,2863
619117,781
619117,2527
619118,2528
619118,782
619118,2855
619118,1174
619118,3416
619118,116
619119,378
619119,2816
619119,546
619119,1741
619119,711
619119,2305
619120,2274
619120,3415
619120,2828
619120,1740
619120,2815
619120,324
619120,2342
619121,38
619121,255
619122,256
619122,244
619123,255
619123,271
619123,281
619123,378
619124,2342
619124,2861
619124,1149
619124,256
619125,637
619125,656
619125,3517
619125,480
619126,481
619126,3526
619126,1175
619126,638
619127,255
619127,261
619127,179
619127,165
619128,164
619128,2977
619128,180
619128,256
619129,1160
619129,651
619129,656
619129,508
619129,3106
619129,509
619129,782
619130,323
619130,508
619130,3106
619130,509
619130,2816
619130,1175
619130,650
619130,665
619131,324
619131,3138
619131,3402
619131,3406
619131,3405
619131,3404
619131,3403
619133,2274
619133,3415
619133,2828
619133,1819
619133,2028
619133,884
619133,212
619134,1142
619134,228
619134,1176
619134,1248
619134,711
619134,2305
619135,636
619135,818
619135,242
619135,255
619135,3235
619136,256
619136,240
619136,1782
619136,639
619137,481
619137,3526
619137,1743
619137,554
619138,553
619138,1742
619138,3517
619138,480
619139,2863
619139,316
619139,2816
619139,1178
619139,613
619139,619
619140,635
619140,1819
619140,617
619140,2815
619140,317
619140,281
619141,636
619141,818
619141,241
619141,494
619141,781
619142,782
619142,952
619142,1782
619142,638
619143,635
619143,637
619143,666
619143,212
619143,255
619143,271
619143,2863
619144,284
619144,2861
619144,1149
619144,256
619144,1142
619144,824
619144,639
619144,620
619145,619
619145,637
619145,668
619145,2172
619146,2173
619146,667
619146,3413
619146,639
619146,620
619147,647
619147,639
619147,620
619147,1248
619147,711
619147,2305
619148,51
619148,2274
619148,3415
619148,2828
619148,613
619148,619
619148,638
619148,700
619149,637
619149,656
619149,242
619149,255
619150,256
619150,240
619150,1175
619150,1318
619150,636
619151,26
619151,445
619151,2119
619151,319
619151,2855
619151,255
619152,256
619152,1151
619152,318
619152,447
619152,27
619153,38
619153,255
619154,256
619154,244
619155,242
619155,884
619155,217
619155,212
619155,3547
619155,2884
619156,251
619156,1759
619156,1142
619156,216
619156,226
619156,240
619157,636
619157,818
619157,508
619157,3106
619157,509
619157,396
619158,864
619158,323
619158,508
619158,3106
619158,509
619158,2816
619158,1782
619158,638
619159,546
619159,1178
619159,1248
619159,711
619160,3415
619160,2828
619160,1819
619160,617
619160,1330
619161,242
619161,884
619161,217
619161,115
619161,91
619162,94
619162,1125
619162,932
619162,216
619162,226
619163,788
619163,216
619163,226
619163,240
619163,1330
619163,508
619163,3107
619163,447
619163,1249
619163,3134
619164,469
619164,3132
619164,2119
619164,3104
619164,547
619164,242
619164,884
619164,217
619164,2479
619165,1901
619165,604
619165,711
619166,3415
619166,2828
619166,603
619166,1900
619167,55
619167,2274
619167,2304
619167,3415
619167,2828
619167,3239
619167,1740
619167,1330
619167,2954
619167,508
619167,3102
619167,2861
619167,1149
619167,251
619168,2884
619168,271
619168,2863
619168,508
619168,3102
619168,509
619168,2953
619168,546
619168,1741
619168,3240
619168,711
619168,2273
619168,2305
619169,1901
619169,604
619169,711
619169,2305
619170,2274
619170,3415
619170,2828
619170,603
619170,1900
619171,1138
619171,3412
619171,211
619171,240
619171,508
619171,3104
619171,509
619171,546
619171,27
619172,26
619172,1330
619172,508
619172,3104
619172,509
619172,242
619172,212
619172,3416
619173,803
619173,553
619173,1740
619173,1330
619173,508
619173,3103
619173,480
619174,2528
619174,481
619174,3103
619174,509
619174,546
619174,1743
619174,554
619175,3561
619175,553
619175,1740
619175,1330
619175,508
619175,3105
619175,509
619175,242
619175,212
619175,129
619175,1251
619176,3008
619176,891
619176,1138
619176,211
619176,240
619176,508
619176,3105
619176,509
619176,546
619176,1743
619176,554
619177,3105
619177,509
619177,841
619177,804
619177,576
619177,567
619178,575
619178,977
619178,1330
619178,3105
619179,576
619179,567
619180,582
619180,568
619180,575
619180,1740
619181,243
619181,255
619181,261
619181,179
619181,3222
619182,3221
619182,180
619182,262
619182,256
619182,244
619183,977
619183,1312
619184,241
619184,494
619185,255
619185,261
619185,179
619185,165
619186,164
619186,2977
619186,180
619186,262
619186,256
619187,884
619187,217
619187,2479
619187,115
619188,114
619188,788
619188,216
619188,226
619189,636
619189,818
619189,508
619189,3106
619189,509
619189,1000
619189,2342
619190,864
619190,323
619190,508
619190,3106
619190,509
619190,2816
619190,1782
619190,638
619191,2028
619191,884
619191,215
619192,214
619192,228
619192,1176
619193,1901
619193,613
619193,620
619194,635
619194,1892
619194,603
619194,1900
619195,242
619195,212
619195,115
619195,1025
619196,1125
619196,114
619196,211
619197,115
619197,1139
619197,981
619197,3755
619197,1025
619198,91
619198,798
619198,994
619199,665
619200,1160
619201,1160
619201,3413
619201,639
619201,620
619201,1892
619201,568
619202,567
619202,1189
619202,613
619202,619
619202,637
619202,644
619202,1329
619202,665
619203,38
619203,255
619204,256
619204,244
619205,952
619206,1313
619206,1742
619207,637
619207,666
619207,212
619207,195
619207,179
619208,180
619208,1759
619208,1142
619208,824
619208,638
619212,526
619212,538
619213,539
619213,527
619215,539
619215,528
619215,527
619216,2275
619217,2276
619217,3415
619218,3134
619218,3132
619218,458
619218,3514
619218,317
619218,281
619220,447
619220,1249
619220,3134
619221,469
619221,3132
619221,458
619221,3514
619221,317
619221,281
619221,3490
619222,469
619222,3132
619222,458
619222,3514
619222,317
619222,281
619222,1906
619223,2863
619223,316
619223,1249
619223,3134
619225,316
619225,1249
619225,3134
619228,1218
619228,1219
619228,472
619228,3294
619229,3295
619229,475
619229,471
619229,463
619229,458
619230,475
619230,471
619230,463
619231,480
619231,2035
619231,350
619232,480
619232,2035
619232,350
619234,480
619234,2035
619234,350
619235,343
619235,349
619235,1215
619235,481
619236,480
619236,347
619236,2666
619236,897
619237,480
619237,347
619237,2666
619237,897
619238,480
619238,347
619238,2666
619238,897
619238,864
619239,480
619239,347
619239,2666
619239,897
619239,18
619239,864
619240,480
619240,347
619240,2666
619240,897
619240,18
619240,2010
619241,480
619241,347
619241,2666
619241,897
619241,18
619242,305
619242,324
619243,323
619243,304
619243,2855
619243,255
619244,323
619244,304
619244,2855
619244,255
619244,1759
619244,3416
619246,1151
619246,305
619246,324
619247,3412
619247,3547
619247,256
619247,1151
619247,305
619247,324
619250,1151
619250,305
619250,324
619251,1151
619251,305
619251,324
619252,323
619252,304
619252,2855
619253,323
619253,304
619257,666
619257,212
619257,255
619257,271
619257,281
619259,2861
619259,1149
619259,256
619259,1142
619259,824
619262,1963
619262,3182
619264,2861
619264,1149
619264,256
619264,1142
619264,824
619264,879
619265,2861
619265,1149
619271,1963
619271,3182
619272,1963
619272,3182
619273,666
619273,212
619273,255
619273,271
619273,281
619274,1215
619274,481
619275,2977
619275,2973
619275,256
619275,244
619275,3103
619275,480
619275,2035
619277,2977
619277,2973
619277,256
619277,244
619279,480
619279,2035
619282,256
619282,244
619284,256
619284,244
619285,243
619285,255
619287,1215
619287,481
619288,782
619288,315
619288,952
619288,1782
619292,509
619292,1154
619292,255
619292,15
619293,16
619293,256
619293,1151
619293,494
619293,508
619293,3102
619294,16
619294,256
619294,1151
619294,494
619294,508
619295,635
619295,1819
619295,1330
619295,508
619295,3102
619295,509
619295,1154
619295,255
619295,15
619296,16
619296,256
619296,1151
619296,494
619296,508
619296,3102
619296,509
619296,546
619296,613
619296,619
619298,509
619298,546
619298,613
619298,619
619298,637
619298,1074
619299,635
619299,637
619300,509
619300,546
619300,613
619300,619
619300,637
619301,546
619301,613
619301,619
619301,637
619302,546
619302,613
619302,619
619302,637
619303,546
619303,613
619303,619
619303,637
619305,1074
619305,673
619305,638
619307,1230
619307,3415
619307,2828
619307,1819
619307,1330
619307,3107
619307,2816
619307,1154
619307,281
619312,1230
619312,3415
619312,2828
619312,1819
619312,1330
619312,508
619313,2855
619313,205
619315,1230
619315,3415
619315,2828
619315,613
619315,637
619316,1248
619316,711
619317,509
619317,841
619317,1248
619317,711
619318,216
619318,226
619318,240
619318,305
619318,781
619319,782
619319,304
619319,242
619319,884
619319,217
619322,216
619322,226
619322,240
619322,305
619322,781
619324,782
619324,304
619324,242
619324,884
619324,217
619327,448
619327,481
619327,324
619327,2341
619328,448
619328,481
619328,324
619328,2341
619329,1219
619329,3134
619330,1219
619330,3134
619331,1219
619331,3134
619334,3134
619334,463
619334,481
619334,324
619334,2341
619336,378
619336,323
619336,480
619336,1219
619336,3134
619342,3134
619342,463
619344,2341
619345,378
619347,2341
619349,3412
619349,1306
619349,2863
619349,781
619349,2527
619350,3131
619351,1306
619351,2863
619351,781
619351,2527
619352,1306
619352,2863
619352,781
619352,2527
619354,1306
619354,2863
619354,781
619354,2527
619357,2528
619357,782
619357,2855
619357,1174
619359,2528
619359,782
619364,2274
619364,3415
619364,2828
619364,1740
619364,2815
619365,2274
619365,3415
619365,2828
619365,1740
619365,2815
619367,378
619367,2816
619367,546
619367,1741
619367,711
619367,2305
619369,1740
619369,2815
619369,324
619369,2342
619371,2274
619371,3415
619371,2828
619372,2274
619372,3415
619372,2828
619372,1894
619375,711
619375,2305
619376,509
619376,38
619376,255
619377,256
619379,2861
619379,1149
619379,251
619380,2342
619380,2861
619380,1149
619380,256
619381,255
619381,271
619381,281
619381,378
619381,1153
619382,1153
619382,2342
619382,2861
619382,1149
619382,256
619383,1153
619383,2342
619383,2861
619383,1149
619383,256
619384,2342
619384,2861
619384,1149
619384,256
619388,378
619390,1153
619390,2342
619390,2861
619390,1149
619390,256
619391,255
619391,271
619391,281
619391,378
619393,255
619393,271
619393,281
619394,255
619394,271
619394,281
619394,378
619394,1153
619397,2342
619398,255
619398,2973
619400,255
619400,271
619400,281
619402,481
619402,3526
619402,1175
619402,638
619404,637
619406,638
619407,656
619407,3517
619407,480
619408,481
619408,3526
619408,1175
619410,164
619410,2977
619410,180
619410,256
619412,164
619412,2977
619412,180
619416,1160
619416,651
619416,656
619416,508
619416,3106
619416,509
619416,782
619417,1160
619417,651
619417,656
619417,508
619417,3106
619417,509
619417,782
619418,1160
619418,651
619418,656
619418,508
619419,323
619419,508
619419,3106
619419,509
619419,2816
619419,1175
619419,650
619419,665
619422,1160
619422,651
619423,323
619423,508
619428,3405
619428,3404
619428,3402
619428,3403
619428,864
619428,323
619430,3405
619430,3404
619430,3402
619430,3403
619430,864
619430,323
619443,636
619443,818
619443,242
619443,255
619444,553
619444,1742
619444,3517
619444,480
619444,2527
619445,3517
619445,480
619449,2863
619449,316
619449,2816
619449,1178
619449,613
619450,1819
619450,617
619450,2815
619450,317
619450,281
619451,620
619451,1819
619451,617
619451,2815
619451,317
619451,281
619452,620
619453,2863
619453,316
619453,2816
619453,1178
619453,613
619453,619
619454,635
619456,1178
619456,613
619456,619
619457,782
619457,952
619457,1782
619457,638
619458,638
619460,636
619460,818
619460,241
619460,494
619460,781
619461,782
619461,952
619461,1782
619461,638
619461,879
619462,637
619465,256
619465,1142
619465,824
619465,639
619467,284
619467,2861
619467,1149
619467,256
619467,205
619467,1142
619467,824
619469,666
619469,212
619469,255
619469,271
619469,2863
619471,639
619471,620
619472,635
619472,637
619473,637
619476,619
619476,637
619477,2173
619478,639
619478,620
619479,667
619479,3413
619479,639
619479,620
619481,2172
619483,706
619483,647
619483,639
619483,620
619483,1248
619483,711
619483,2305
619484,51
619484,2274
619484,3415
619484,2828
619484,613
619484,619
619484,638
619484,700
619484,705
619485,619
619485,638
619486,51
619486,2274
619486,3415
619486,2828
619486,613
619486,619
619486,638
619487,706
619487,647
619487,637
619488,647
619488,637
619489,639
619489,620
619489,1248
619489,711
619489,2305
619490,2305
619491,638
619491,700
619492,638
619492,700
619492,705
619493,637
619493,656
619493,242
619493,255
619495,637
619496,636
619497,656
619497,242
619497,255
619498,256
619498,240
619498,1175
619498,1165
619499,445
619499,2119
619499,319
619499,2855
619499,255
619500,256
619500,1151
619500,318
619500,447
619501,1151
619501,318
619501,447
619501,27
619502,318
619502,447
619503,256
619504,26
619504,445
619504,2119
619504,319
619505,26
619505,445
619505,2119
619505,319
619506,26
619506,445
619506,2119
619506,319
619507,445
619507,2119
619507,319
619508,255
619510,255
619511,255
619512,256
619512,244
619513,256
619516,613
619517,255
619520,251
619520,1759
619520,1142
619520,216
619520,226
619520,240
619521,251
619521,1759
619521,1142
619521,216
619521,226
619521,240
619522,251
619522,1759
619522,1142
619522,216
619522,226
619522,240
619523,818
619523,241
619524,212
619524,3547
619524,2884
619524,2972
619525,251
619525,1759
619525,1142
619526,978
619526,952
619527,636
619527,818
619527,508
619527,3106
619527,509
619529,509
619529,2816
619529,1782
619529,638
619530,509
619530,396
619531,782
619532,864
619532,323
619532,508
619532,3106
619532,509
619532,2816
619532,1782
619532,638
619536,1819
619536,617
619536,1330
619537,1248
619537,711
619538,3415
619538,2828
619538,613
619540,94
619540,1125
619540,932
619540,216
619540,226
619540,240
619541,94
619541,1125
619541,932
619541,216
619541,226
619542,94
619542,1125
619542,932
619542,216
619542,226
619543,3136
619543,94
619543,1125
619543,932
619543,216
619543,226
619544,3136
619544,94
619544,1125
619544,932
619544,216
619544,226
619545,242
619545,884
619545,217
619545,115
619545,91
619545,3136
619546,242
619546,884
619546,217
619546,115
619546,91
619547,242
619547,884
619547,217
619547,115
619547,91
619547,3136
619549,115
619549,91
619549,3136
619551,788
619551,216
619551,226
619551,240
619551,1330
619551,3107
619551,447
619551,1249
619551,3134
619552,508
619552,3107
619552,447
619552,1249
619552,3134
619553,788
619553,216
619553,226
619553,240
619553,1330
619553,3107
619554,788
619554,2554
619555,788
619555,216
619555,226
619555,240
619555,1330
619556,788
619556,216
619556,226
619556,240
619556,1330
619559,216
619559,226
619559,240
619559,1330
619561,469
619561,3132
619561,2119
619561,3104
619561,547
619561,242
619561,884
619561,217
619562,2119
619562,3104
619562,547
619562,242
619562,884
619562,217
619562,2479
619563,3134
619563,3132
619563,2119
619563,509
619563,547
619563,1175
619565,3134
619565,3132
619565,2119
619565,3104
619565,547
619565,242
619565,884
619565,217
619565,2479
619566,2119
619566,3104
619566,547
619566,242
619566,884
619566,217
619566,788
619568,547
619568,242
619568,884
619568,217
619568,788
619569,788
619569,2554
619573,1901
619573,604
619573,711
619575,3415
619575,2828
619575,603
619575,1900
619576,1248
619576,711
619577,711
619579,3415
619579,2828
619579,613
619582,603
619582,1900
619586,2273
619586,2305
619587,1149
619587,251
619588,55
619588,2796
619588,2274
619588,2304
619588,3415
619588,2828
619588,3239
619588,1740
619588,1330
619588,2954
619588,508
619588,3102
619588,2861
619588,1149
619588,251
619589,55
619589,2274
619589,2304
619589,3415
619589,2828
619590,2274
619590,2304
619590,3415
619590,2828
619590,637
619591,55
619591,2796
619591,2274
619591,2304
619591,3415
619591,2828
619591,637
619592,2884
619592,271
619592,2863
619592,3102
619592,509
619592,2953
619592,546
619592,1741
619592,711
619592,2273
619592,2305
619592,2796
619593,2861
619593,1906
619593,1149
619593,251
619595,2855
619596,786
619596,116
619597,786
619597,116
619597,788
619598,786
619598,1142
619599,1901
619599,604
619599,711
619599,2305
619601,711
619601,2305
619602,603
619602,1900
619603,2274
619603,3415
619603,2828
619604,891
619604,1138
619604,3412
619604,211
619604,240
619604,508
619604,3104
619604,509
619604,546
619604,27
619605,891
619605,1138
619605,3412
619605,211
619605,240
619605,508
619606,509
619606,546
619606,27
619607,1138
619607,3412
619607,211
619607,240
619609,26
619609,1330
619609,508
619609,3104
619609,509
619609,242
619609,212
619609,3416
619609,1251
619610,509
619610,242
619610,212
619610,3416
619610,1251
619611,26
619611,1330
619611,508
619612,26
619612,1330
619612,3517
619612,545
619612,543
619612,1175
619613,553
619613,1740
619613,1330
619613,508
619613,3103
619613,480
619616,803
619616,553
619616,1740
619616,1330
619616,508
619617,509
619619,2528
619619,481
619619,3103
619619,509
619619,546
619619,1743
619619,554
619620,2528
619620,481
619620,509
619620,547
619623,3561
619623,553
619623,1740
619623,1330
619623,508
619626,509
619627,3008
619627,891
619627,1138
619627,211
619627,240
619627,508
619628,3561
619628,553
619628,804
619628,637
619633,3105
619633,509
619633,547
619634,582
619634,568
619634,575
619635,582
619635,568
619635,575
619635,1740
619635,874
619635,613
619636,576
619636,567
619638,582
619638,568
619644,1819
619644,1743
619652,977
619652,1312
619653,241
619653,494
619654,494
619655,1312
619658,255
619658,261
619658,179
619658,165
619660,164
619660,2977
619660,180
619660,262
619660,256
619662,164
619662,2977
619662,180
619662,262
619662,256
619664,242
619664,884
619664,217
619664,2479
619664,115
619665,114
619665,788
619665,216
619665,226
619666,114
619666,788
619666,216
619666,226
619666,952
619666,1782
619668,818
619668,242
619668,884
619668,217
619668,2479
619668,115
619672,271
619672,281
619674,864
619674,323
619674,508
619674,3106
619675,864
619675,323
619675,508
619675,3106
619675,509
619675,2816
619675,1782
619675,638
619681,1901
619681,613
619682,1901
619682,613
619689,635
619689,1892
619689,603
619689,1900
619690,1892
619690,603
619690,1900
619691,1892
619691,603
619691,1900
619692,620
619694,635
619696,1125
619696,114
619696,211
619696,240
619697,1125
619697,114
619698,242
619698,212
619698,115
619698,1025
619699,115
619699,1025
619705,91
619705,798
619705,994
619707,115
619707,1139
619707,981
619707,3755
619707,1025
619711,1160
619711,639
619711,620
619711,1892
619711,568
619712,1160
619712,3413
619712,639
619712,620
619712,1892
619712,567
619713,568
619713,1189
619713,613
619713,619
619713,637
619713,644
619713,1329
619713,665
619725,568
619725,613
619725,619
619725,637
619725,644
619726,567
619726,613
619726,619
619726,637
619726,644
619727,1160
619729,1329
619729,665
619739,638
619741,637
619741,666
619741,212
619741,195
619741,179
619743,637
